#,Created,by,Octave,4,,Tue,May,09,16:54:39,2017,GMT,<unknown@unknown>],
[#,name:,alpha_angles],
[#,type:,matrix],
[#,rows:,25],
[#,columns:,25],
[76,79,81,83,84,85,85,86,93,103,109,116,122,127,130,131,132,133,133,132,131,130,129,127,125],
[67,72,75,78,79,80,81,83,91,98,105,111,116,122,125,127,128,129,129,128,128,127,126,124,122],
[58,66,70,73,75,77,78,79,88,95,101,107,113,116,120,123,124,125,125,125,125,124,123,121,120],
[51,59,65,69,71,73,75,78,85,91,97,103,109,112,116,119,120,121,122,122,122,121,120,119,116],
[44,54,59,65,68,70,72,75,81,88,95,101,105,109,112,114,116,118,119,119,119,118,116,115,113],
[40,49,55,60,63,67,69,73,80,86,92,97,101,105,108,110,112,113,114,115,114,114,113,112,111],
[36,44,51,56,60,63,67,71,77,84,88,93,97,102,105,107,109,110,111,112,112,111,110,109,108],
[33,41,48,53,57,60,63,69,75,80,86,90,95,98,102,104,106,107,108,108,109,108,108,107,105],
[30,38,44,50,54,58,61,67,72,77,83,87,92,95,97,101,103,104,105,106,106,106,105,104,103],
[30,35,41,46,52,55,59,65,70,75,80,85,89,92,95,97,100,101,102,103,103,103,102,101,100],
[30,33,39,44,49,53,58,63,69,73,77,83,86,89,92,94,96,97,98,100,100,100,98,97,96],
[30,31,37,42,46,51,56,61,66,71,75,79,83,86,89,91,93,94,95,96,96,96,95,95,94],
[30,30,35,40,44,49,54,59,63,69,73,76,79,84,86,88,90,91,93,93,93,93,93,92,91],
[30,30,33,38,42,48,52,57,61,67,70,74,77,80,83,86,87,89,90,90,91,90,90,89,88],
[30,30,31,36,41,45,51,55,59,63,68,71,75,77,80,83,85,86,87,87,88,88,87,86,85],
[30,30,30,34,39,44,49,53,57,61,66,69,72,75,77,79,81,83,84,85,85,85,84,83,81],
[30,30,30,33,37,42,46,51,55,59,62,67,70,72,74,77,78,79,80,81,81,81,81,80,78],
[30,30,30,31,36,40,44,49,53,57,60,63,67,70,72,74,75,77,78,78,78,78,77,76,75],
[30,30,30,30,34,38,42,46,51,55,58,61,65,67,69,71,73,74,75,75,75,75,75,73,72],
[30,30,30,30,32,37,41,44,49,52,56,58,61,65,67,68,70,71,72,72,73,72,71,70,68],
[30,30,30,30,30,34,38,42,46,50,53,56,59,61,63,66,67,68,69,69,69,69,68,67,65],
[30,30,30,30,30,33,37,40,44,48,51,54,56,58,60,62,63,66,66,67,66,66,65,62,60],
[30,30,30,30,30,30,34,38,41,44,48,51,54,56,58,59,60,62,62,62,62,62,61,58,55],
[30,30,30,30,30,30,32,35,39,42,45,48,51,53,55,56,58,59,59,59,59,58,56,55,52],
[30,30,30,30,30,30,30,33,37,39,42,45,48,50,52,53,55,56,56,56,55,54,53,50,43],
[],
[],
[#,name:,beta_angles],
[#,type:,matrix],
[#,rows:,25],
[#,columns:,25],
[120,120,120,120,120,120,120,120,126,133,140,147,153,160,165,169,174,178,182,185,188,192,195,198,201],
[120,120,120,120,120,120,120,120,126,132,139,145,151,158,163,167,171,176,180,183,187,191,194,197,200],
[120,120,120,120,120,120,120,120,126,132,138,144,150,156,161,166,170,175,178,182,185,190,193,196,199],
[120,120,120,120,120,120,120,121,126,131,138,143,149,155,160,164,168,173,177,181,184,188,192,195,198],
[120,120,120,120,120,120,120,121,126,131,138,143,148,153,159,163,167,171,176,180,183,187,191,194,198],
[120,120,120,120,120,120,120,122,127,132,138,143,147,152,158,162,166,170,175,179,182,186,190,194,197],
[120,120,120,120,120,120,120,123,127,132,136,142,147,152,157,161,165,169,174,178,182,185,188,193,196],
[120,120,120,120,120,120,120,123,128,132,138,142,147,151,157,161,165,169,174,177,181,184,188,192,196],
[120,120,120,120,120,120,120,124,128,132,138,142,147,151,156,160,164,168,173,177,180,184,187,192,195],
[120,120,120,120,120,120,121,125,129,133,138,142,147,151,156,160,164,168,171,176,180,183,187,191,195],
[120,120,120,120,120,120,123,126,130,134,138,143,147,151,156,160,164,167,171,176,179,183,187,191,195],
[120,120,120,120,120,121,124,127,130,134,139,143,147,151,156,160,163,167,171,176,179,183,186,191,194],
[120,120,120,120,120,122,125,128,131,135,140,143,147,151,156,160,163,167,171,175,179,183,186,191,194],
[120,120,120,120,120,123,126,129,132,136,140,144,148,151,156,160,163,167,171,175,179,182,186,191,194],
[120,120,120,120,122,124,127,130,133,136,141,144,148,152,156,160,164,167,171,175,179,182,186,191,194],
[120,120,120,121,123,126,128,131,134,138,142,145,148,152,157,160,164,167,171,175,179,183,186,191,195],
[120,120,121,123,125,127,129,132,135,139,142,146,149,153,157,161,164,168,171,176,179,183,186,191,195],
[120,120,122,124,126,128,131,133,136,140,143,146,150,153,158,161,164,168,171,176,180,183,187,192,196],
[120,122,124,126,128,130,132,135,138,141,144,147,151,155,158,162,165,168,173,176,180,184,187,192,196],
[122,123,125,127,129,131,133,136,140,142,145,148,151,156,159,162,166,169,173,177,180,184,188,193,197],
[123,125,126,129,131,133,135,138,141,143,146,149,152,156,160,163,166,170,174,178,181,185,190,194,198],
[124,126,128,130,132,134,136,140,142,145,147,150,153,157,161,164,167,170,175,178,182,186,190,195,199],
[125,127,129,131,133,136,139,141,143,146,149,151,155,158,161,165,168,171,176,179,183,186,191,196,201],
[127,128,130,132,135,138,140,143,145,147,150,153,156,159,162,166,169,173,177,180,184,188,193,197,202],
[128,130,131,134,136,139,142,144,146,149,151,155,158,161,164,167,170,174,178,181,185,190,194,199,206],
[],
[],
[#,name:,x_lin],
[#,type:,matrix],
[#,rows:,1],
[#,columns:,25],
[120,127,135,142,150,157,165,172,180,187,195,202,210,217,225,232,240,247,255,262,270,277,285,292,300],
[],
[],
[#,name:,y_lin],
[#,type:,matrix],
[#,rows:,1],
[#,columns:,25],
[-150,-135,-120,-106,-91,-77,-62,-47,-33,-18,-4,10,25,39,54,68,83,97,112,127,141,156,170,185,200],
[],
[
