# Created by Octave 4.2.0, Wed Feb 01 17:42:09 2017 GMT <unknown@unknown>
# name: alpha_angles
# type: matrix
# rows: 15
# columns: 15
 83.79310344827587 83.79310344827587 85.34482758620689 85.34482758620689 86.89655172413794 86.89655172413794 86.89655172413794 88.44827586206897 88.44827586206897 90 90 90 90 90 90
 82.24137931034483 82.24137931034483 83.79310344827587 83.79310344827587 85.34482758620689 85.34482758620689 86.89655172413794 86.89655172413794 86.89655172413794 88.44827586206897 88.44827586206897 90 90 90 90
 80.68965517241379 82.24137931034483 82.24137931034483 83.79310344827587 83.79310344827587 83.79310344827587 85.34482758620689 85.34482758620689 86.89655172413794 86.89655172413794 86.89655172413794 88.44827586206897 88.44827586206897 90 90
 80.68965517241379 80.68965517241379 80.68965517241379 82.24137931034483 82.24137931034483 83.79310344827587 83.79310344827587 83.79310344827587 85.34482758620689 85.34482758620689 86.89655172413794 86.89655172413794 86.89655172413794 88.44827586206897 88.44827586206897
 79.13793103448276 79.13793103448276 80.68965517241379 80.68965517241379 80.68965517241379 82.24137931034483 82.24137931034483 83.79310344827587 83.79310344827587 83.79310344827587 85.34482758620689 85.34482758620689 86.89655172413794 86.89655172413794 86.89655172413794
 77.58620689655172 79.13793103448276 79.13793103448276 79.13793103448276 80.68965517241379 80.68965517241379 80.68965517241379 82.24137931034483 82.24137931034483 83.79310344827587 83.79310344827587 83.79310344827587 85.34482758620689 85.34482758620689 86.89655172413794
 77.58620689655172 77.58620689655172 77.58620689655172 79.13793103448276 79.13793103448276 79.13793103448276 80.68965517241379 80.68965517241379 82.24137931034483 82.24137931034483 82.24137931034483 83.79310344827587 83.79310344827587 83.79310344827587 85.34482758620689
 76.0344827586207 76.0344827586207 77.58620689655172 77.58620689655172 77.58620689655172 79.13793103448276 79.13793103448276 79.13793103448276 80.68965517241379 80.68965517241379 80.68965517241379 82.24137931034483 82.24137931034483 83.79310344827587 83.79310344827587
 74.48275862068965 76.0344827586207 76.0344827586207 76.0344827586207 77.58620689655172 77.58620689655172 77.58620689655172 79.13793103448276 79.13793103448276 79.13793103448276 80.68965517241379 80.68965517241379 80.68965517241379 82.24137931034483 82.24137931034483
 74.48275862068965 74.48275862068965 74.48275862068965 76.0344827586207 76.0344827586207 76.0344827586207 77.58620689655172 77.58620689655172 77.58620689655172 79.13793103448276 79.13793103448276 79.13793103448276 80.68965517241379 80.68965517241379 80.68965517241379
 72.93103448275862 72.93103448275862 74.48275862068965 74.48275862068965 74.48275862068965 76.0344827586207 76.0344827586207 76.0344827586207 77.58620689655172 77.58620689655172 77.58620689655172 79.13793103448276 79.13793103448276 79.13793103448276 80.68965517241379
 71.37931034482759 72.93103448275862 72.93103448275862 72.93103448275862 74.48275862068965 74.48275862068965 74.48275862068965 76.0344827586207 76.0344827586207 76.0344827586207 77.58620689655172 77.58620689655172 77.58620689655172 79.13793103448276 79.13793103448276
 71.37931034482759 71.37931034482759 71.37931034482759 72.93103448275862 72.93103448275862 72.93103448275862 74.48275862068965 74.48275862068965 74.48275862068965 76.0344827586207 76.0344827586207 76.0344827586207 77.58620689655172 77.58620689655172 77.58620689655172
 69.82758620689656 69.82758620689656 71.37931034482759 71.37931034482759 71.37931034482759 72.93103448275862 72.93103448275862 72.93103448275862 74.48275862068965 74.48275862068965 74.48275862068965 74.48275862068965 76.0344827586207 76.0344827586207 76.0344827586207
 68.27586206896552 69.82758620689656 69.82758620689656 69.82758620689656 71.37931034482759 71.37931034482759 71.37931034482759 72.93103448275862 72.93103448275862 72.93103448275862 74.48275862068965 74.48275862068965 74.48275862068965 74.48275862068965 76.0344827586207


# name: beta_angles
# type: matrix
# rows: 15
# columns: 15
 140.3448275862069 140.3448275862069 140.3448275862069 140.3448275862069 140.3448275862069 140.3448275862069 140.3448275862069 140.3448275862069 140.3448275862069 140.3448275862069 140.3448275862069 140.3448275862069 140.3448275862069 140.3448275862069 138.9655172413793
 138.9655172413793 138.9655172413793 138.9655172413793 138.9655172413793 138.9655172413793 138.9655172413793 138.9655172413793 138.9655172413793 138.9655172413793 138.9655172413793 138.9655172413793 138.9655172413793 138.9655172413793 138.9655172413793 138.9655172413793
 137.5862068965517 137.5862068965517 137.5862068965517 137.5862068965517 137.5862068965517 137.5862068965517 137.5862068965517 137.5862068965517 137.5862068965517 137.5862068965517 137.5862068965517 137.5862068965517 137.5862068965517 137.5862068965517 137.5862068965517
 136.2068965517241 136.2068965517241 136.2068965517241 136.2068965517241 136.2068965517241 136.2068965517241 136.2068965517241 136.2068965517241 136.2068965517241 136.2068965517241 136.2068965517241 136.2068965517241 136.2068965517241 136.2068965517241 136.2068965517241
 134.8275862068966 134.8275862068966 134.8275862068966 134.8275862068966 134.8275862068966 134.8275862068966 134.8275862068966 134.8275862068966 134.8275862068966 134.8275862068966 134.8275862068966 134.8275862068966 134.8275862068966 134.8275862068966 134.8275862068966
 133.448275862069 133.448275862069 133.448275862069 133.448275862069 133.448275862069 133.448275862069 133.448275862069 133.448275862069 133.448275862069 133.448275862069 133.448275862069 133.448275862069 133.448275862069 133.448275862069 133.448275862069
 132.0689655172414 132.0689655172414 132.0689655172414 132.0689655172414 132.0689655172414 132.0689655172414 132.0689655172414 132.0689655172414 133.448275862069 132.0689655172414 132.0689655172414 132.0689655172414 132.0689655172414 132.0689655172414 132.0689655172414
 130.6896551724138 130.6896551724138 130.6896551724138 130.6896551724138 130.6896551724138 130.6896551724138 130.6896551724138 130.6896551724138 130.6896551724138 130.6896551724138 130.6896551724138 130.6896551724138 130.6896551724138 130.6896551724138 130.6896551724138
 129.3103448275862 129.3103448275862 129.3103448275862 129.3103448275862 129.3103448275862 129.3103448275862 129.3103448275862 129.3103448275862 129.3103448275862 129.3103448275862 129.3103448275862 129.3103448275862 129.3103448275862 129.3103448275862 129.3103448275862
 127.9310344827586 127.9310344827586 127.9310344827586 127.9310344827586 127.9310344827586 127.9310344827586 127.9310344827586 127.9310344827586 127.9310344827586 127.9310344827586 127.9310344827586 127.9310344827586 127.9310344827586 127.9310344827586 127.9310344827586
 126.551724137931 126.551724137931 126.551724137931 126.551724137931 126.551724137931 126.551724137931 126.551724137931 126.551724137931 126.551724137931 126.551724137931 126.551724137931 126.551724137931 126.551724137931 126.551724137931 126.551724137931
 125.1724137931034 125.1724137931034 125.1724137931034 125.1724137931034 125.1724137931034 125.1724137931034 125.1724137931034 125.1724137931034 125.1724137931034 125.1724137931034 125.1724137931034 125.1724137931034 125.1724137931034 125.1724137931034 125.1724137931034
 123.7931034482759 123.7931034482759 123.7931034482759 123.7931034482759 123.7931034482759 123.7931034482759 123.7931034482759 123.7931034482759 123.7931034482759 123.7931034482759 123.7931034482759 123.7931034482759 123.7931034482759 123.7931034482759 123.7931034482759
 122.4137931034483 122.4137931034483 122.4137931034483 122.4137931034483 122.4137931034483 122.4137931034483 122.4137931034483 122.4137931034483 122.4137931034483 122.4137931034483 122.4137931034483 122.4137931034483 122.4137931034483 122.4137931034483 122.4137931034483
 121.0344827586207 121.0344827586207 121.0344827586207 121.0344827586207 121.0344827586207 121.0344827586207 121.0344827586207 121.0344827586207 121.0344827586207 121.0344827586207 121.0344827586207 121.0344827586207 121.0344827586207 121.0344827586207 121.0344827586207


# name: x_lin
# type: matrix
# rows: 1
# columns: 15
 120 123.5714285714286 127.1428571428571 130.7142857142857 134.2857142857143 137.8571428571429 141.4285714285714 145 148.5714285714286 152.1428571428571 155.7142857142857 159.2857142857143 162.8571428571429 166.4285714285714 170


# name: y_lin
# type: matrix
# rows: 1
# columns: 15
 -10 -8.571428571428571 -7.142857142857142 -5.714285714285714 -4.285714285714286 -2.857142857142857 -1.428571428571429 0 1.428571428571429 2.857142857142858 4.285714285714286 5.714285714285715 7.142857142857142 8.571428571428573 10


